

ensor([[4.0000, 0.0026, 0.2866, 0.0609, 0.1072, 0.1435, 0.9038, 0.3388],
        [0.0026, 4.0000, 0.0010, 0.0003, 0.0001, 0.0012, 0.0006, 0.0036],
        [0.2866, 0.0010, 4.0000, 1.9990, 1.4457, 2.2292, 0.0545, 2.2039],
        [0.0609, 0.0003, 1.9990, 4.0000, 1.0731, 1.8983, 0.0084, 0.8161],
        [0.1072, 0.0001, 1.4457, 1.0731, 4.0000, 0.3378, 0.0218, 0.3319],
        [0.1435, 0.0012, 2.2292, 1.8983, 0.3378, 4.0000, 0.0286, 2.3806],
        [0.9038, 0.0006, 0.0545, 0.0084, 0.0218, 0.0286, 4.0000, 0.1441],
        [0.3388, 0.0036, 2.2039, 0.8161, 0.3319, 2.3806, 0.1441, 4.0000]],
 tensor([[101.9225,   0.0274,   3.5599,   0.3837,   3.0154,   0.6318,  23.5616,   2.6304],
         [  0.0000, 205.9480,   0.0060,   0.0009,   0.0012,   0.0026,   0.0050,   0.0163],
         [  0.0000,   0.0000,  54.8376,  28.0951,  33.6733,  15.4665,   0.6188,  15.2452],
         [  0.0000,   0.0000,   0.0000, 131.2278,  40.5101,  15.7944,   0.0322,   3.8990],
         [  0.0000,   0.0000,   0.0000,   0.0000, 312.7406,   3.1380,   0.7472,   3.0730],
         [  0.0000,   0.0000,   0.0000,   0.0000,   0.0000,  20.2505,   0.0716,   8.5609],
         [  0.0000,   0.0000,   0.0000,   0.0000,   0.0000,   0.0000, 129.8590,   1.0210],
         [  0.0000,   0.0000,   0.0000,   0.0000,   0.0000,   0.0000,   0.0000,  20.1719]]
 tensor([[ -95.5133,   -0.0579,   -6.2794,   -1.6511,   -3.8730,   -2.7517,  -22.7451,   -6.3439],
         [   0.0000,  -16.8541,   -0.0177,   -0.0076,   -0.0050,   -0.0150,   -0.0134,   -0.0407],
         [   0.0000,    0.0000,  -73.4361,  -46.0552,  -48.1770,  -33.9500,   -1.2759,  -33.5350],
         [   0.0000,    0.0000,    0.0000, -102.7839,  -39.1504,  -37.8114,   -0.2423,  -16.7872],
         [   0.0000,    0.0000,    0.0000,    0.0000, -173.4534,  -10.7217,   -0.8067,  -10.5326],
         [   0.0000,    0.0000,    0.0000,    0.0000,    0.0000,  -44.0163,   -0.5956,  -26.7982],
         [   0.0000,    0.0000,    0.0000,    0.0000,    0.0000,    0.0000, -102.2184,   -2.8890],
         [   0.0000,    0.0000,    0.0000,    0.0000,    0.0000,    0.0000,    0.0000,  -43.8710]]

          data init: 0.00017213821411132812 seconds
          detL and AK gen 0.0008020401000976562 seconds

          gen AL sym took 0.00020241737365722656 seconds
          gen AKL loop took 0.2444474697113037 seconds
          cholAKL took 0.0059697628021240234 seconds
          detAKL took 0.0003173351287841797 seconds
          invLKL took 0.00286102294921875 seconds
          invAKL sym took 0.011452198028564453 seconds
          gen RIJ took 0.001531839370727539 seconds
          Overlap: took 0.00052642822265625 seconds
          Kinetic: took 0.32085251808166504 seconds
          Potential: took 0.0008089542388916016 seconds

          Energy: 0.00020360946655273438 seconds
          
          Tot Energy: took 3.302711248397827 seconds
          Gradient: took 38.28701090812683 seconds
         step: 0 f: 3.103021324409192 gradNorm: 7.9117695405147686
          took 41.67665767669678 seconds

    After Ops on AKL and Kinetic
    data init: 0.0004169940948486328 seconds
    detL and AK gen 0.0009183883666992188 seconds

    gen AL sym took 0.0004279613494873047 seconds
    gen AKL loop took 0.001880645751953125 seconds
    cholAKL took 0.0051653385162353516 seconds
    detAKL took 0.0002739429473876953 seconds
    invLKL took 0.005105018615722656 seconds
    invAKL sym took 0.024909257888793945 seconds
    gen RIJ took 0.0016963481903076172 seconds
    Overlap: took 0.0002994537353515625 seconds
    Kinetic: took 0.04119729995727539 seconds
    Potential: took 0.00036597251892089844 seconds

    Energy: 0.00012111663818359375 seconds
    Tot Energy: took 0.5409061908721924 seconds
    Gradient: took 1.1851999759674072 seconds
   step: 0 f: 3.103021324409192 gradNorm: 7.9117695405147686
    took 1.7351255416870117 seconds
